(
CRP_KLEAE:0.18648,
CRP_HAEIN:0.15791,
CRP_PASMU:0.12304);
